

#MAGNET
%name:		polarity:	strength:	reach:		on:		linear:		center_x:	center_y:	radius:
%______________________________________________________________________________________________________________________________________
start1		-1		50		150		1		0		60		400		20
start2		-1		50		150		1		0		60		440		20
start3		-1		50		150		1		0		60		360		20
zigzagmag1	 1		50		250		1		0		600		630		20
zigzagmag2	 1		50		250		1		0		600		190		20
orbitmag1	 -1		1450		300		1		1		1100		250		20
%pushmag2	 -1		1450		200		1		1		600		1000		20
%zigzag1		-1		70		250		1		0		1000		500		20
%zigzag2		-1		70		250		1		0		1400		500		20

#WALL
%name:		destructible:	health:		strength:	ul_x:		ul_y:		lr_x:		lr_y:
%________________________________________________________________________________________________________________________
wall1		0		100		1		650		1000		680		600
wall3		0		100		1		850		630		1000		600
wall2		0		100		1		850		1000		880		600



#BALL
%name:		polarity:	mass:		x_vel		y_vel		health:		radius:		substance:	center_x:	center_y:
%________________________________________________________________________________________________________________________________________
playerBall	0		1.0		0.0		0.0		100		20		2		110.0		400.0
%orbitball1	-1		10.0		225.0		0.0		100		20		2		300.0		830.0
zigzagball	1		10.0		0.0		0.0		100		20		2		600.0		225.0
zigzagball2	1		10.0		0.0		0.0		100		20		2		600.0		595.0
Goal		0		5.0		0		0		100		50		2		780		1100
